a<-1
111